# Created by Octave 4.2.1, Mon Jan 22 03:00:29 2018 EST <qasimahmed@Qasims-MacBook-Air.local>
# name: errors
# type: matrix
# rows: 1
# columns: 100
 0.04 0.035 0.06 0.075 0.08500000000000001 0.075 0.075 0.09 0.09 0.08500000000000001 0.03 0.04 0.07000000000000001 0.09 0.09 0.075 0.075 0.075 0.075 0.075 0.04 0.045 0.075 0.09 0.095 0.09 0.09 0.08500000000000001 0.08500000000000001 0.08 0.04 0.045 0.075 0.09 0.095 0.08500000000000001 0.08500000000000001 0.08 0.08500000000000001 0.09 0.04 0.045 0.07000000000000001 0.095 0.1 0.095 0.08500000000000001 0.08500000000000001 0.095 0.08500000000000001 0.035 0.05 0.075 0.095 0.1 0.1 0.08 0.08 0.075 0.08500000000000001 0.05 0.055 0.08 0.095 0.1 0.1 0.09 0.08 0.08 0.08500000000000001 0.05 0.05 0.075 0.095 0.1 0.09 0.1 0.09 0.08 0.08 0.05 0.05 0.075 0.125 0.1 0.1 0.1 0.095 0.08 0.07000000000000001 0.05 0.045 0.075 0.12 0.105 0.1 0.1 0.09 0.1 0.08


